0.11712
0.10616
0.06142
0.07048
0.07634
0.10223
0.10699
0.10098
0.01473
0.07638
0.10184
0.10898
0.09842
0.10309
0.06535
0.05993
0.09192
0.09613
0.08738
0.04104
0.10444
0.09305
0.10707
0.09024
0.08099
0.08320
0.04321
0.06192
0.10649
0.05813
0.07099
0.03728
0.03659
0.10062
0.01269
0.07357
0.11652
0.04662
0.08821
0.03158
0.05667
0.10119
0.06878
0.02902
0.09218
0.11467
0.10606
0.07932
0.07345
0.05157
0.08879
0.09626
0.05003
0.11432
0.04148
0.04207
0.10956
0.09692
0.05440
0.06056
0.11363
0.11118
0.03557
0.06668
0.05651
0.09984
0.06335
0.06767
0.09036
0.03037
0.09937
0.05718
0.08233
0.08903
0.11390
0.09286
0.11551
0.09306
0.07897
0.06216
0.07061
0.09234
0.11446
0.11935
0.04330
0.06680
0.11303
0.05779
0.09403
0.08557
0.05191
0.08575
0.09560
0.06557
0.03660
0.04215
0.11716
0.05775
0.10305
0.11195
0.06956
0.10259
0.02896
0.07566
0.05351
0.04691
0.03017
0.07870
0.08452
0.10811
0.08764
0.10778
0.11674
0.05963
0.03355
0.10256
0.09146
0.07050
0.02867
0.03537
0.03512
0.06820
0.07806
0.02089
0.04299
0.06123
0.07243
0.09939
0.03569
0.09292
0.07813
0.07415
0.08119
0.09121
0.05932
0.07388
0.06889
0.10106
0.06758
0.03106
0.05664
0.11526
0.06422
0.10237
0.03653
0.10924
0.11264
0.08571
0.05624
0.08899
0.09320
0.10104
0.04080
0.11515
0.08885
0.07555
0.00268
0.10481
0.07521
0.09479
0.11685
0.09828
0.01756
0.10673
0.05003
0.07043
0.07229
0.05001
0.09969
0.09825
0.02235
0.01708
0.05489
0.11682
0.09472
0.10571
0.07299
0.06124
0.10748
0.10509
0.11843
0.06839
0.06571
0.10794
0.05410
0.08639
0.06352
0.11314
0.06647
0.05490
0.10493
0.05722
0.07196
0.09121
0.05291
0.09925
0.05734
0.05473
0.04716
0.10501
0.07152
0.05597
0.08377
0.05088
0.07567
0.04409
0.08418
0.03435
0.00745
0.07280
0.05001
0.07487
0.04996
0.03246
0.11679
0.01559
0.09681
0.11940
0.08024
0.11016
0.09296
0.02365
0.04011
0.05583
0.04247
0.10233
0.08799
0.10636
0.05852
0.11655
0.03365
0.09510
0.09264
0.06861
0.00391
0.04792
0.09202
0.09115
0.06638
0.08428
0.08087
0.06046
0.06182
0.11351
0.04158
0.07447
0.10265
0.05363
0.05830
0.11405
0.10995
0.01712
0.05620
0.03398
0.08809
0.07085
0.04043
0.09416
0.11877
0.06252
0.11387
0.04560
0.10595
0.09650
0.03018
0.11380
0.08140
0.11540
0.09846
0.11686
0.01527
0.07831
0.10421
0.08905
0.06865
0.11875
0.07554
0.07590
0.11701
0.04818
0.04797
0.08119
0.09299
0.04124
0.08901
0.03433
0.11123
0.10237
0.04712
0.10969
0.06665
0.04593
0.01814
0.09743
0.08428
0.06833
0.10596
0.11903
0.10136
0.11064
0.09598
0.11352
0.02076
0.11708
0.03524
0.11008
0.11222
0.04325
0.10278
0.07930
0.02310
0.03185
0.06693
0.07362
0.11174
0.10296
0.10314
0.06821
0.03986
0.06778
0.08146
0.07460
0.05508
0.06935
0.05854
0.09728
0.01012
0.10112
0.05825
0.11697
0.07141
0.08531
0.03392
0.11909
0.09707
0.11358
0.09153
0.11948
0.01726
0.08912
0.05899
0.04208
0.02917
0.11220
0.08041
0.05816
0.05633
0.08248
0.06118
0.01487
0.05177
0.08584
0.04713
0.03552
0.10321
0.03033
0.10482
0.07983
0.10306
0.01217
0.05505
0.05144
0.00647
0.11241
0.08536
0.07516
0.05638
0.09525
0.08749
0.03464
0.03939
0.07031
0.04530
0.09371
0.09428
0.09789
0.08292
0.10342
0.04953
0.09676
0.05361
0.07143
0.07465
0.06300
0.11650
0.10687
0.07746
0.08159
0.08663
0.07699
0.11388
0.06902
0.10634
0.09204
0.10873
0.11794
0.09427
0.06290
0.08473
0.04060
0.07925
0.08583
0.08021
0.07638
0.05126
0.08124
0.06730
0.05526
0.08339
0.10158
0.07319
0.11526
0.07685
0.06713
0.02060
0.11896
0.05379
0.09842
0.07229
0.08536
0.05009
0.04665
0.05551
0.09960
0.05632
0.04347
0.08047
0.10722
0.05351
0.06016
0.03963
0.05323
0.05391
0.11522
0.08364
0.11550
0.02920
0.04680
0.11114
0.09332
0.05083
0.08420
0.06517
0.06179
0.07179
0.06803
0.08214
0.11644
0.07724
0.10525
0.10766
0.03132
0.08755
0.09401
0.11157
0.11436
0.08976
0.08254
0.11594
0.11362
0.02227
0.06821
0.11930
0.02119
0.10940
0.11883
0.01034
0.10392
0.03234
0.07217
0.03141
0.11674
0.11604
0.08161
0.07936
0.02597
0.09568
0.04888
0.06640
0.03708
0.04287
0.05731
0.09831
0.09374
0.07775
0.11740
0.05491
0.07783
0.05090
0.10521
0.03983
0.09930
0.10869
0.10336
0.03115
0.05734
0.10662
0.10279
0.06580
0.08099
0.06827
0.07056
0.10765
0.05150
0.03171
0.06455
0.11425
0.05183
0.04433
0.07138
0.08756
0.10904
0.10973
0.07779
0.11562
0.08870
0.04951
0.05664
0.10938
0.08598
0.01569
0.06553
0.09423
0.11710
0.11785
0.08070
0.09053
0.09095
0.07550
0.08371
0.04360
0.03641
0.10570
0.11051
0.07640
0.09704
0.11502
0.07908
0.11188
0.03594
0.09608
0.11702
0.07972
0.11349
0.08961
0.09296
0.11628
0.06040
0.06129
0.09388
0.09544
0.01061
0.11905
0.02723
0.04088
0.09863
0.06960
0.11828
0.06973
0.10517
0.10115
0.06089
0.10682
0.10584
0.07494
0.05110
0.08567
0.09779
0.11190
0.03684
0.10342
0.08273
0.08302
0.11578
0.10345
0.05640
0.10662
0.11147
0.09698
0.09532
0.05747
0.11963
0.10014
0.02770
0.06994
0.10034
0.09844
0.07221
0.11982
0.08511
0.09238
0.03695
0.06812
0.04344
0.06590
0.11914
0.10290
0.10888
0.09913
0.09265
0.08225
0.04508
0.11254
0.07588
0.10166
0.08938
0.09615
0.11386
0.10423
0.05577
0.09700
0.11633
0.10110
0.07431
0.11328
0.09294
0.10817
0.03633
0.09955
0.11389
0.02065
0.09536
0.10966
0.02737
0.07171
0.11765
0.10655
0.11848
0.08175
0.09031
0.07370
0.03658
0.04395
0.09469
0.08004
0.03394
0.02706
0.04846
0.10387
0.06452
0.09669
0.10191
0.10730
0.07749
0.05190
0.04643
0.10775
0.09149
0.11731
0.08210
0.06434
0.09359
0.03706
0.08158
0.03470
0.10329
0.07452
0.10448
0.09121
0.10574
0.08837
0.09326
0.03894
0.05108
0.07728
0.11683
0.01576
0.08129
0.11309
0.08574
0.06528
0.11795
0.10735
0.11957
0.05640
0.11896
0.05282
0.06736
0.10388
0.10769
0.04396
0.04982
0.07329
0.10336
0.06811
0.07338
0.11331
0.04501
0.07561
0.05154
0.11107
0.06843
0.10535
0.11370
0.07162
0.10304
0.08838
0.10922
0.04790
0.03552
0.09301
0.10677
0.05007
0.11415
0.04394
0.06144
0.06813
0.09237
0.03977
0.07791
0.04384
0.09898
0.11174
0.08298
0.08490
0.02231
0.01821
0.04962
0.10901
0.11140
0.08635
0.11744
0.09478
0.11357
0.03192
0.10804
0.07405
0.05163
0.09050
0.06739
0.06867
0.07466
0.10977
0.06637
0.05690
0.08712
0.04868
0.11595
0.06845
0.06442
0.08084
0.06135
0.10796
0.08326
0.08763
0.04795
0.01947
0.07425
0.06845
0.08507
0.06778
0.10891
0.09540
0.08501
0.02759
0.06750
0.08024
0.06349
0.06092
0.10773
0.06773
0.11673
0.11710
0.03368
0.10123
0.02583
0.11002
0.08049
0.05918
0.11916
0.05027
0.08552
0.11851
0.08505
0.08955
0.04590
0.09745
0.10111
0.08414
0.11852
0.09744
0.08037
0.08936
0.02922
0.07003
0.05542
0.10372
0.11179
0.07620
0.02782
0.10851
0.06902
0.09315
0.10533
0.09973
0.10130
0.03422
0.06388
0.03447
0.03135
0.02384
0.06392
0.07990
0.06984
0.10847
0.11491
0.11676
0.10713
0.04226
0.10173
0.10154
0.11784
0.08851
0.05942
0.09673
0.11667
0.08802
0.08296
0.08196
0.08739
0.03121
0.10234
0.08334
0.08610
0.10833
0.09628
0.05875
0.02568
0.10927
0.03314
0.11708
0.09958
0.08782
0.06005
0.11407
0.09500
0.03841
0.07531
0.11710
0.02109
0.10057
0.10444
0.06658
0.07505
0.06569
0.09071
0.11422
0.02914
0.05238
0.07892
0.06854
0.11118
0.07689
0.11127
0.06225
0.11037
0.02906
0.10135
0.11417
0.04535
0.09323
0.02107
0.09573
0.11930
0.10281
0.06793
0.03365
0.09765
0.06268
0.10433
0.07613
0.10945
0.08240
0.05971
0.01774
0.11370
0.05336
0.10384
0.11288
0.08576
0.08933
0.10122
0.02708
0.05763
0.07554
0.09405
0.03765
0.10274
0.09639
0.09688
0.06664
0.05008
0.08880
0.11467
0.06506
0.09113
0.11854
0.06374
0.07816
0.09973
0.03878
0.10323
0.07166
0.10329
0.05100
0.07051
0.03395
0.03649
0.10624
0.03150
0.07741
0.05590
0.10277
0.05382
0.10412
0.10654
0.11209
0.06907
0.09245
0.00845
0.08279
0.05290
0.02674
0.09352
0.01398
0.03846
0.07596
0.06139
0.05329
0.01841
0.08515
0.09055
0.08804
0.10606
0.07142
0.06254
0.11388
0.10645
0.08565
0.04399
0.01812
0.09075
0.07784
0.09102
0.08593
0.10678
0.10644
0.07988
0.11466
0.07410
0.09251
0.10076
0.07333
0.11408
0.11627
0.05434
0.10165
0.04594
0.11801
0.11121
0.07421
0.05700
0.07367
0.09487
0.08730
0.10769
0.07913
0.07871
0.10126
0.10835
0.10818
0.10926
0.08740
0.04565
0.11364
0.06570
0.08708
0.09124
0.03314
0.11280
0.11146
0.11496
0.01475
0.02921
0.10752
0.06429
0.09440
0.06803
0.08191
0.10821
0.02524
0.03477
0.10208
0.10487
0.10902
0.08477
0.05483
0.07801
0.10987
0.08584
0.00775
0.09677
0.02503
0.07419
0.07207
0.05107
0.07814
0.11544
0.03989
0.08817
0.04883
0.06581
0.09933
0.03854
0.09413
0.04190
0.09654
0.11910
0.11644
0.11461
0.11097
0.03405
0.09366
0.08879
0.05309
0.07779
0.07951
0.08457
0.11814
0.10397
0.02915
0.05034
0.09602
0.02802
0.03696
0.09835
0.11996
0.06032
0.07072
0.07437
0.07960
0.11709
0.08090
0.09692
0.03658
0.07033
0.01508
0.04871
0.06464
0.09324
0.01873
0.07424
0.07811
0.03782
0.09594
0.11666
0.04280
0.08276
0.04409
0.08207
0.07068
0.02897
0.05690
0.02095
0.11837
0.06088
0.09529
0.09349
0.10072
0.07725
0.06872
0.08364
0.03540
0.06397
0.05319
0.01925
0.08733
0.09085
0.09323
0.11609
0.11645
0.02813
0.11772
0.06466
0.10519
0.05763
0.09728
0.10171
0.10542
0.07756
0.09423
0.11337
0.06676
0.07406
0.11623
0.10210
0.05134
0.09325
0.07952
0.07171
0.11475
0.06981
0.07388
0.04507
0.09051
0.10519
0.10462
0.11797
0.08217
0.09104
0.04256
0.05589
0.08786
0.11074
0.04580
0.04000
0.07726
0.07498
0.07335
0.09603
0.09145
0.10737
0.06649
0.08096
0.08927
0.02560
0.08741
0.10843
0.06257
0.11602
0.09377
0.08128
0.06032
0.06079
0.08058
0.06364
0.07461
0.08239
0.09906
0.08542
0.11918
0.06361
0.05807
0.08457
0.08689
0.10208
0.03687
0.06928
0.08708
0.04140
0.09935
0.11101
0.09716
0.07397
0.06678
0.11028
0.11976
0.00886
0.07429
0.09977
0.03526
0.08216
0.10398
0.09604
0.11445
0.10955
0.04585
0.04709
0.03985
0.09334
0.07286
0.11331
0.07437
0.00702
0.09533
0.09011
0.10661
0.05604
0.11895
0.02711
0.09709
0.11616
0.06795
0.09235
0.11091
0.10577
0.02442
0.02175
0.00516
0.05778
0.04976
0.10982
0.06984
0.06107
0.04529
0.11235
0.09893
0.11022
0.08821
0.05363
0.10829
0.07924
0.06998
0.07007
0.05556
0.03351
0.11054
0.11131
0.10880
0.05505
0.03834
0.11574
0.09458
0.11433
0.11184
0.08347
0.06425
0.10733
0.02559
0.08751
0.04751
0.11375
0.10114
0.03883
0.11344
0.08512
0.11902
0.09725
0.08069
0.09861
0.04799
0.07635
0.07024
0.08765
0.07425
0.11456
0.05083
0.11759
0.05980
0.09627
0.11746
0.11373
0.06506
0.07484
0.10203
0.10908
0.11039
0.09582
0.11069
0.09550
0.08567
0.10428
0.05719
0.10191
0.06471
0.04849
0.09955
0.10657
0.11816
0.06821
0.07705
0.09610
0.09659
0.11714
0.09368
0.08927
0.10711
0.04678
0.05476
0.09511
0.08438
0.07573
0.02383
